新北市新店區寶橋路235巷14號;24.980647012117;121.551323841117;0;0;100000000;0
新北市淡水區淡海路44號1F(滬尾豆花);25.183683524986;121.420402295032;42;0;100000000;0.03
新北市永和區國光路123號12樓;25.011260698089;121.517651472947;28;0;100000000;0.03
新北市新店區安德街156號1樓(18點前都有人)新店央廚;24.959428810961;121.508349655898;27;0;100000000;0.03
臺北市大安區辛亥路一段79號;25.021221248909;121.530600675163;29;0;100000000;0.03
臺北市大安區四維路208巷14號;25.026332491555;121.547249565621;29;0;100000000;0.03
基隆市信義區信一路141巷7號1樓;25.129605669123;121.747305058756;10;0;100000000;0.03
新北市樹林區武林街9-6號;25.001943835524;121.418064907853;36;0;100000000;0.03
新北市土城區亞洲路20號;24.974639953568;121.436459078191;41;0;100000000;0.03
新北市五股區五權路54號(收籃到此收-3-4點回頭車收);25.069222564376;121.454102313823;20;0;100000000;0.03
新北市新店區寶中路103號;24.980259391004;121.54895159488;46;0;100000000;0.03
臺北市內湖區瑞湖街111號1樓;25.071865420356;121.576299733285;36;0;100000000;0.03
新北市中和區永和路1-4號;25.003103429919;121.499745799927;45;0;100000000;0.03
臺北市內湖區內湖路一段285號2樓(101號攤位);25.082267362197;121.566462731718;23;0;100000000;0.03
新北市中和區錦和路20號2樓;24.994828102642;121.49030266399;36;0;100000000;0.03
基隆市仁愛區忠二路25號1樓;25.130154935238;121.739887493541;47;0;100000000;0.03
臺北市信義區虎林街164巷11號1樓;25.038952410705;121.575992452715;29;0;100000000;0.03
新北市新莊區中平路198巷7號;25.048507445049;121.445360659363;39;0;100000000;0.03
臺北市北投區三合街2段436號1樓;25.12657695223;121.502374197125;24;0;100000000;0.03
新北市永和區福和路125巷3號;25.007484650708;121.521649976038;10;0;100000000;0.03
臺北市中山區錦州街320號1樓;25.060212521376;121.538149417163;34;0;100000000;0.03
基隆市信義區深溪路178號1樓;25.13465459232;121.782709714855;43;0;100000000;0.03
新北市新店區北宜路二段276號(夢想國對面);24.95423307873;121.56089362761;15;0;100000000;0.03
新北市永和區中正路648號1樓;25.008452592887;121.516890228501;20;0;100000000;0.03
新北市汐止區新興路3號4樓;25.065071762104;121.656317404311;30;0;100000000;0.03
新北市永和區民樂街41巷1號;25.00006742077;121.527621830594;25;0;100000000;0.03
臺北市士林區忠誠路二段162號1樓;25.115258239729;121.533037210597;35;0;100000000;0.03
新北市樹林區後站街6巷9號;24.991107655532;121.423744401614;42;0;100000000;0.03
臺北市南港區舊莊街一段45號;25.041503762279;121.618237497483;46;0;100000000;0.03
臺北市信義區基隆路一段11巷10弄22號1樓;25.048742515523;121.5702092748;20;0;100000000;0.03
臺北市中正區南陽街17巷5號;25.044202751035;121.516516060343;34;0;100000000;0.03
新北市三峽區復興路399號B1廚房;24.938573904221;121.363335642932;26;0;100000000;0.03
臺北市內湖區金湖路417號;25.073402493761;121.604689323159;47;0;100000000;0.03
新北市樹林區武林街16-1號;25.003422319425;121.420746781594;13;0;100000000;0.03
新北市三重區光明路36號(店面);25.058415734702;121.491354844296;13;0;100000000;0.03
新北市新莊區中港二街96號;25.045787266011;121.449255729769;50;0;100000000;0.03
新北市三重區中興北街136巷18弄18號;25.055227300644;121.467957096858;21;0;100000000;0.03
新北市淡水區長興街55號1樓;25.171984948764;121.444220133798;30;0;100000000;0.03
臺北市信義區松壽路11號B2(新光三越A11);25.035897296207;121.567425016112;18;0;100000000;0.03
新北市中和區中正路291號B1卸貨區;24.993162660391;121.493658861841;18;0;100000000;0.03
新北市汐止區環河街166號;25.05753550914;121.628364930688;22;0;100000000;0.03
新北市中和區民治街8巷1號;25.005032524935;121.474899994896;22;0;100000000;0.03
基隆市仁愛區南榮路203號;25.123308470996;121.743010339208;17;0;100000000;0.03
臺北市士林區德行東路109巷97號4樓;25.111026426363;121.528760428321;42;0;100000000;0.03
新北市三峽區大德路87號;24.943251276828;121.37709776935;45;0;100000000;0.03
桃園市桃園區中山路982號1樓;24.988745271689;121.286017997789;48;0;100000000;0.03
臺北市士林區福國路54號5樓;25.102067345335;121.523546800727;23;0;100000000;0.03
臺北市萬華區昆明街274號1樓;25.038885984122;121.503970362946;21;0;100000000;0.03
新北市淡水區自強路162號1樓;25.134022932096;121.465363819834;49;0;100000000;0.03
基隆市安樂區安一路126號1樓;25.132016681662;121.734207496855;50;0;100000000;0.03
臺北市信義區虎林街101巷8號;25.042661780046;121.577259712656;46;0;100000000;0.03
臺北市文山區木新路二段264號1樓;24.983056222546;121.566020753964;13;0;100000000;0.03
臺北市大安區臨江街109號;25.030296670753;121.553907562771;14;0;100000000;0.03
新北市新莊區中港路132巷14號(公園路.中港路138巷7弄口);25.040762650334;121.455993522637;49;0;100000000;0.03
桃園市中壢區仁福四街27號;24.940663238494;121.25562303758;26;0;100000000;0.03
臺北市中正區重慶南路一段2號B1;25.047136203729;121.513203136899;41;0;100000000;0.03
新北市鶯歌區中正一路121號;24.955718477702;121.352129672352;10;0;100000000;0.03
新北市淡水區中正路5巷9號-1(淡水老街-靠海邊那邊);25.168885991522;121.442275280804;28;0;100000000;0.03
臺北市信義區吳興街17號;25.031553076129;121.559616477024;25;0;100000000;0.03
新北市板橋區文化路2段125巷70號;25.027695982805;121.469916406126;19;0;100000000;0.03
新北市土城區成功街2-1號;24.967399372238;121.426121509367;13;0;100000000;0.03
臺北市大安區安居街35巷4號;25.020169613427;121.554539642089;14;0;100000000;0.03
新北市中和區錦和路22號3樓;25.001788812225;121.486672377906;28;0;100000000;0.03
臺北市內湖區康寧路三段16巷53號;25.071176344096;121.608328829337;10;0;100000000;0.03
桃園市蘆竹區大竹路402號1樓;25.019791421955;121.26572901442;36;0;100000000;0.03
臺北市信義區吳興街136號;25.029650970842;121.561428141576;25;0;100000000;0.03
臺北市萬華區東園街35巷12號1樓;25.027412793146;121.496155411702;12;0;100000000;0.03
基隆市仁愛區精一路19-1號;25.126353364962;121.741324235565;40;0;100000000;0.03
新北市新店區寶高路80號3樓;24.977400868655;121.552978177347;25;0;100000000;0.03
桃園市中壢區新中北路410號;24.958674313947;121.243799105866;39;0;100000000;0.03
臺北市中正區臨沂街27巷9號1樓;25.040906860978;121.53141640198;24;0;100000000;0.03
新北市土城區裕民路136巷9號1樓;24.985771330533;121.451252299105;34;0;100000000;0.03
新北市林口區文化二路一段68巷24號1樓-2;25.068852880536;121.367025068666;36;0;100000000;0.03
桃園市中壢區長沙路8-1號1樓;24.948344246926;121.22855066379;47;0;100000000;0.03
新北市板橋區建國街127號;25.017637398568;121.46100288325;19;0;100000000;0.03
臺北市士林區德行西路47號(家樂福賣場內賣香腸的);25.105400047752;121.522919918922;33;0;100000000;0.03
臺北市士林區士商路150號;25.095081238586;121.516437773368;36;0;100000000;0.03
新北市三峽區三樹路67號;24.938946540905;121.378000584141;18;0;100000000;0.03
新北市中和區廣福路112號(店家);25.001073961612;121.502064988716;30;0;100000000;0.03
桃園市八德區介壽路二段323號;24.948866020399;121.297809994453;43;0;100000000;0.03
臺北市大安區樂利路15號;25.028040765332;121.551207919396;10;0;100000000;0.03
臺北市大安區忠孝東路4段97號之20B1;25.041647485942;121.547950795641;11;0;100000000;0.03
基隆市仁愛區仁一路207號1樓;25.128142607924;121.750317598577;37;0;100000000;0.03
桃園市龜山區文化二路52巷55號;25.056216029942;121.365984874482;23;0;100000000;0.03
新北市三重區中央南路1-1號;25.063038731489;121.501249680995;31;0;100000000;0.03
桃園市桃園區大豐路226號1樓(有附鑰匙.錢會放櫃台上);24.980362683;121.31131421500521;46;0;100000000;0.03
新北市土城區裕民路137號(鐵皮屋);24.986343940248;121.451575002378;15;0;100000000;0.03
新北市板橋區文化路一段188巷7弄11號1樓;25.019705381719;121.467494918717;11;0;100000000;0.03
新北市樹林區柑園街一段285號;24.956312586999;121.393542141371;48;0;100000000;0.03
基隆市七堵區大華一路57巷25號1樓(七堵國小左轉崇智橋右轉第二個巷子;25.101507392294;121.716691833789;16;0;100000000;0.03
新北市淡水區新民街180巷1號1樓;25.17920587453;121.437529614865;12;0;100000000;0.03
臺北市士林區福壽街31號1樓;25.096314090815;121.525540352578;34;0;100000000;0.03
桃園市龜山區復興北路6巷45號;25.058496494339;121.367755886804;22;0;100000000;0.03
桃園市八德區四維路55號;24.960764928237;121.295627598323;12;0;100000000;0.03
新北市新店區民權路78號6樓(貨都送5樓);24.982987449031;121.537988400803;25;0;100000000;0.03
臺北市南港區南港路三段16巷2之1號;25.054664497755;121.592565822225;26;0;100000000;0.03
新北市汐止區明峰街7號1樓;25.071157975355;121.632241298034;13;0;100000000;0.03
新北市新店區寶安街22號;24.982013974796;121.542069968554;17;0;100000000;0.03
新北市新店區僑信路78號1樓(台北小城裡);24.948480997676;121.499541365308;16;0;100000000;0.03
臺北市文山區車前路31號;24.991579989433;121.540285000363;23;0;100000000;0.03
臺北市大安區辛亥路二段201號;25.021557447045;121.542150937739;23;0;100000000;0.03
臺北市松山區光復北路66號6樓;25.049890878168;121.557769692297;38;0;100000000;0.03
新北市淡水區英專路21巷11號1樓;25.169762906232;121.445094450119;23;0;100000000;0.03
臺北市中山區長安東路二段129巷7號;25.048919331771;121.536020329937;35;0;100000000;0.03
基隆市信義區義四路14號1樓;25.129758596946;121.748257662052;11;0;100000000;0.03
新北市林口區文化二路一段88號1樓;25.069610269307;121.366381170864;40;0;100000000;0.03
臺北市大安區師大路59巷4號1樓;25.023902619734;121.528818179634;38;0;100000000;0.03
新北市三重區文化北路12號;25.063845196303;121.499504401115;17;0;100000000;0.03
桃園市桃園區民族路121號;24.992149623573;121.309101926772;32;0;100000000;0.03
臺北市內湖區內湖路二段462號之1;25.083827611564;121.592677636814;39;0;100000000;0.03
新北市汐止區福德二路173號;25.065123520356;121.630628212183;27;0;100000000;0.03
桃園市蘆竹區中正路317號;25.048215964366;121.29155390956;13;0;100000000;0.03
臺北市中正區忠孝西路一段36號1樓;25.046203050318;121.517093824929;37;0;100000000;0.03
新北市三峽區國學街36號;24.942197881146;121.373053081973;23;0;100000000;0.03
臺北市北投區立德路70號;25.125856276195;121.471750075683;25;0;100000000;0.03
新北市中和區華新街133號;24.981864818829;121.506752232791;15;0;100000000;0.03
新北市汐止區汐萬路三段308-1號1樓(柯子林餐廳停車場);25.104486488818;121.643907912206;26;0;100000000;0.03
基隆市中正區北寧路2號(第二餐廳地下室永泉商場);25.15117435956;121.776430998825;26;0;100000000;0.03
桃園市中壢區元化路290號1樓;24.962142619752;121.224616785173;44;0;100000000;0.03
桃園市龜山區復興一路212巷25號;25.057701135547;121.367327906828;29;0;100000000;0.03
新北市蘆洲區中山二路124號;25.081667092201;121.471965071499;13;0;100000000;0.03
新北市新莊區復興路二段8號;25.043937002795;121.453744406558;18;0;100000000;0.03
新北市新莊區四維路122號1樓;25.024031617224;121.423452543758;31;0;100000000;0.03
新北市新店區北宜路2段66號;24.953082704429;121.55145342534;32;0;100000000;0.03
新北市中和區自立路18號1F;24.991909931508;121.523504495965;28;0;100000000;0.03
新北市中和區中正路722號1樓;24.997372052165;121.485440238139;19;0;100000000;0.03
基隆市中正區祥豐街95-2號;25.142105601328;121.763819000574;23;0;100000000;0.03
新北市三峽區三樹路222巷228弄11號(倉庫);24.942440537243;121.391518498488;38;0;100000000;0.03
新北市板橋區松柏街59號;25.030385896112;121.475809682848;13;0;100000000;0.03
新北市板橋區重慶路308巷22號1樓;24.998120095114;121.463941746142;38;0;100000000;0.03
臺北市內湖區新明路163號;25.059037713827;121.588947857539;47;0;100000000;0.03
臺北市信義區吳興街252號(卸貨區在後門284巷口);25.026771661372;121.56384732647;14;0;100000000;0.03
臺北市信義區吳興街156巷25弄1號;25.028608429725;121.560992617887;26;0;100000000;0.03
新北市新店區寶中路99號1F;24.980309389057;121.548901554918;26;0;100000000;0.03
新北市板橋區實踐路74號1樓;25.005565697796;121.463950044226;31;0;100000000;0.03
新北市板橋區莒光路66號;25.02412289615;121.471214891165;34;0;100000000;0.03
新北市新莊區建中街109號1樓;25.036537458672;121.446278980675;22;0;100000000;0.03
基隆市中正區新豐街379號1樓;25.135482808172;121.785724601609;31;0;100000000;0.03
臺北市大安區和平東路三段82號(側門下貨);25.024372593045;121.550887982152;40;0;100000000;0.03
新北市汐止區大同路二段617號1樓;25.064458147562;121.653475918374;32;0;100000000;0.03
臺北市大安區辛亥路2段217號1樓;25.021537498115;121.542730965439;21;0;100000000;0.03
新北市新莊區中平路34號對面;25.043558978962;121.444780380207;25;0;100000000;0.03
新北市新店區大豐路37-1號;24.97995420591;121.54047053379;45;0;100000000;0.03
臺北市大安區光復南路562號;25.034289977064;121.557409605737;31;0;100000000;0.03
新北市林口區中山路571號;25.08210525619;121.380376769873;10;0;100000000;0.03
新北市淡水區英專路42號之4;25.170313974456;121.445669616314;49;0;100000000;0.03
新北市新店區安康路2段218號1樓;24.959365318045;121.509798132586;50;0;100000000;0.03
新北市三峽區大同路84號1樓;24.927863276064;121.375953891024;40;0;100000000;0.03
基隆市信義區深溪路145號(送貨/收款找魏S);25.134693183;121.78023941500817;26;0;100000000;0.03
臺北市松山區八德路二段366巷35號;25.04665998977;121.546030333986;46;0;100000000;0.03
桃園市蘆竹區聯福街3號1樓;25.05123596408;121.28835612968;19;0;100000000;0.03
桃園市龜山區德明路77巷38號;24.989130797325;121.34264982368;22;0;100000000;0.03
臺北市松山區敦化北路222巷31號1樓;25.059902349049;121.547387699386;41;0;100000000;0.03
新北市淡水區中正東路17號;25.168544848062;121.445542965757;12;0;100000000;0.03
新北市新店區寶興路40號;24.974048610299;121.548780939332;30;0;100000000;0.03
新北市三峽區大觀路28號;24.945066838965;121.374893999367;12;0;100000000;0.03
新北市泰山區全興路47巷21號1樓;25.05866518014;121.433317792338;41;0;100000000;0.03
臺北市文山區興隆路4段145巷20號1F;24.985132797149;121.562594064308;27;0;100000000;0.03
新北市新店區明德路8號;24.976772854559;121.542446818921;27;0;100000000;0.03
臺北市內湖區潭美街349號(3點半後沒人);25.059673103997;121.591163446005;12;0;100000000;0.03
新北市永和區民權路37號;24.997585162054;121.519989856295;37;0;100000000;0.03
臺北市中正區南昌路1段108巷1號1樓;25.029824476237;121.517006234041;49;0;100000000;0.03
臺北市士林區承德路五段55號3樓(兒童新樂園);25.096751290884;121.513907612075;27;0;100000000;0.03
臺北市內湖區內湖路一段411巷6號;25.08199013075;121.570991725461;49;0;100000000;0.03
新北市新莊區建安街76巷1弄1號1樓;25.024554983258;121.426022686728;45;0;100000000;0.03
新北市淡水區民生路73號;25.138317484007;121.463288376789;29;0;100000000;0.03
臺北市內湖區內湖路一段217巷95號1樓;25.084077434188;121.565427566676;22;0;100000000;0.03
臺北市松山區八德路三段158巷20弄1-1號;25.047312562842;121.555172224322;29;0;100000000;0.03
新北市永和區保安路71號1樓;25.015470131773;121.509131016912;20;0;100000000;0.03
臺北市萬華區桂林路174號2樓;25.038492495678;121.497260062721;17;0;100000000;0.03
臺北市中正區泉州街161號;25.024333701015;121.512524430413;13;0;100000000;0.03
桃園市龜山區文化五路152號;25.052172516031;121.364962198476;43;0;100000000;0.03
臺北市北投區中和街45號;25.138319663302;121.502479557648;31;0;100000000;0.03
基隆市中山區安一路2號1樓(店);25.131462637862;121.737057008658;11;0;100000000;0.03
臺北市大安區復興南路2段12巷1號;25.032747497332;121.543161040891;41;0;100000000;0.03
臺北市文山區木柵路一段137號2樓;24.98752717161;121.550245509273;18;0;100000000;0.03
基隆市安樂區安和一街2巷13號;25.1221013093;121.724080816714;50;0;100000000;0.03
桃園市桃園區中正路710號1樓;25.007185626313;121.303174915399;38;0;100000000;0.03
新北市新店區永業路81巷5弄27號5樓;24.949679232645;121.530908374829;12;0;100000000;0.03
臺北市南港區南港路三段184號4樓頂樓;25.053067409924;121.587012057;17;0;100000000;0.03
桃園市蘆竹區錦順街47-1號;25.050879649376;121.287479717884;12;0;100000000;0.03
臺北市信義區松德路119號1樓;25.037786990887;121.57544662318;16;0;100000000;0.03
新北市板橋區文化路一段285巷2弄2號;25.018943005716;121.464543818247;13;0;100000000;0.03
桃園市龜山區忠義路二段520號;25.054152223861;121.358630541441;23;0;100000000;0.03
新北市新店區北新路三段147之1號;24.983334082637;121.541200429919;27;0;100000000;0.03
新北市中和區中和路132號1號;24.999742580112;121.503378684401;18;0;100000000;0.03
臺北市士林區前港街60號;25.084832727483;121.520636017211;14;0;100000000;0.03
臺北市南港區忠孝東路五段790巷25弄13號;25.042645058149;121.583247409008;16;0;100000000;0.03
基隆市中山區復興路93-2號;25.143835668053;121.725940006657;28;0;100000000;0.03
新北市中和區民享街82號1樓;25.001250023489;121.474381741823;29;0;100000000;0.03
臺北市中正區博愛路130號2樓(對帳單地址);25.043161048108;121.511479710001;32;0;100000000;0.03
臺北市大安區辛亥路二段165號;25.021607487007;121.540760799097;30;0;100000000;0.03
臺北市內湖區瑞光路76巷47號;25.070506127118;121.580575090638;43;0;100000000;0.03
桃園市桃園區龍安街88號1樓;24.98921004822;121.280218223706;24;0;100000000;0.03
臺北市文山區興隆路三段36巷9弄10號1樓(全家便利商店旁);24.999884234276;121.555579584816;50;0;100000000;0.03
基隆市中正區義二路146號;25.133473624072;121.747044465387;50;0;100000000;0.03
新北市蘆洲區正和街7號;25.082599243653;121.470349878757;11;0;100000000;0.03
臺北市士林區華岡路45號;25.137879699105;121.54219018944;50;0;100000000;0.03
臺北市中正區紹興南街4-8號;25.043418372536;121.524811127002;21;0;100000000;0.03
基隆市安樂區基金一路135巷21弄93號(有改地址);25.138952538901;121.708188476836;27;0;100000000;0.03
新北市三重區三和路四段115號1樓;25.077474589961;121.485373602009;16;0;100000000;0.03
臺北市松山區南京東路四段133巷4弄26號;25.052277499369;121.554170586892;10;0;100000000;0.03
臺北市內湖區成功路四段182巷6弄35號;25.083220007402;121.593280002285;28;0;100000000;0.03
新北市永和區大新街9號;25.008587164343;121.514634490718;29;0;100000000;0.03
臺北市南港區中南街16號;25.054810761965;121.615219675757;12;0;100000000;0.03
臺北市中正區南海路34號1樓;25.03227329116;121.515927231645;28;0;100000000;0.03
臺北市士林區士東路100號(71號攤);25.112142686319;121.529243645039;43;0;100000000;0.03
臺北市北投區大興街24巷3弄2號;25.129393313606;121.498797303764;18;0;100000000;0.03
新北市林口區民有街62號1樓;25.077008346597;121.372598699002;13;0;100000000;0.03
新北市五股區新城6路177號1樓(有改地址);25.08295;121.43806;26;0;100000000;0.03
臺北市士林區天母東路22巷23-5號;25.116977326161;121.532619205086;28;0;100000000;0.03
臺北市信義區莊敬路389號(後方);25.02754665214;121.565447767063;45;0;100000000;0.03
新北市林口區仁愛路二段315號1樓;25.076339994593;121.392779974915;14;0;100000000;0.03
新北市淡水區博愛街37號1樓;25.169407387809;121.446443601254;50;0;100000000;0.03
新北市汐止區樟樹一路137巷26號(忠厚市場);25.06596077066;121.641119729951;48;0;100000000;0.03
新北市淡水區新民街180巷6號1樓;25.178883464625;121.437305734231;14;0;100000000;0.03
新北市淡水區清水街5號;25.170412545637;121.445052121508;48;0;100000000;0.03
新北市板橋區三民路二段正隆巷54號;25.014166494372;121.476704283374;22;0;100000000;0.03
桃園市中壢區民族路46號1樓;24.955877230948;121.214584569081;32;0;100000000;0.03
臺北市大安區樂利路77號1樓(61號);25.026010542654;121.55197804866;15;0;100000000;0.03
臺北市士林區文化大學-大忠館2樓美食街;25.09313;121.51976;23;0;100000000;0.03
新北市林口區中山路143號B1;25.080461762704;121.383459629238;38;0;100000000;0.03
臺北市大同區承德路3段247巷16號1樓;25.071092525065;121.519409660957;39;0;100000000;0.03
新北市新店區安民街2號;24.963901352586;121.515280316358;18;0;100000000;0.03
新北市中和區景安路177巷6號5樓(需送上樓)(住家);24.994103612841;121.505608522103;17;0;100000000;0.03
臺北市士林區文林路102號B2;25.088677394258;121.526598118515;49;0;100000000;0.03
臺北市士林區中山北路七段127號B1;25.123022790168;121.532000491379;41;0;100000000;0.03
桃園市平鎮區新興路92號;24.950296936999;121.209706049976;37;0;100000000;0.03
新北市淡水區新市五路三段348號1樓;25.197882682643;121.43736641921;27;0;100000000;0.03
臺北市信義區松高路11號4樓;25.039127466753;121.565859569966;47;0;100000000;0.03
新北市三峽區國際一街33-2號;24.942495815895;121.373384418606;44;0;100000000;0.03
新北市汐止區新台五路一段79號B1;25.06081159456;121.646763117693;49;0;100000000;0.03
臺北市內湖區內湖路一段285巷12號1樓;25.082849988287;121.566709662586;34;0;100000000;0.03
臺北市南港區三重路19之4號;25.056022030793;121.61395979189;45;0;100000000;0.03
新北市土城區中央路2段278巷4-1號1樓;24.974523277476;121.440596134141;25;0;100000000;0.03
臺北市北投區致遠二路113巷4號;25.116924813537;121.511953119893;50;0;100000000;0.03
臺北市松山區八德路四段179號;25.048813024864;121.563216247093;25;0;100000000;0.03
基隆市信義區中正路591號(到前15分鐘電聯-有寄鑰匙)(店/貨品勿退冰);25.151745879628;121.770540281092;17;0;100000000;0.03
臺北市萬華區康定路25巷26號1樓;25.043783236781;121.503763246119;36;0;100000000;0.03
臺北市信義區莊敬路341巷4弄4號1樓;25.028183467234;121.564592058568;13;0;100000000;0.03
臺北市信義區莊敬路341巷21號;25.028431655387;121.564721223696;19;0;100000000;0.03
桃園市龜山區文化二路200號7樓(神達電腦股份有限公司);25.047989485342;121.375999823853;20;0;100000000;0.03
臺北市內湖區瑞光路583巷22號;25.08057555886;121.568005923912;25;0;100000000;0.03
臺北市信義區松仁路130號B2(中華電信員工餐廳);25.033630025535;121.568249948353;34;0;100000000;0.03
臺北市萬華區西寧南路76號2樓;25.042898694539;121.505951174305;35;0;100000000;0.03
基隆市七堵區百三街120號;25.081892523487;121.698090546624;35;0;100000000;0.03
新北市板橋區雙十路3段10巷24號1樓;25.031220356483;121.472551301807;31;0;100000000;0.03
新北市新店區寶橋路162號;24.9772861204;121.549004987604;16;0;100000000;0.03
新北市板橋區自由路53號1樓;25.023674757697;121.465690127325;31;0;100000000;0.03
桃園市中壢區民族路5段277號;24.958342809676;121.170424176925;22;0;100000000;0.03
臺北市士林區士東路266巷3弄15號1樓(在士東路286巷上);25.112777489756;121.537289350078;21;0;100000000;0.03
新北市三重區自強路一段58號1樓;25.066700109408;121.497295041586;11;0;100000000;0.03
基隆市中正區環港街5號(漁會大樓)C區;25.141459021318;121.792491982594;31;0;100000000;0.03
新北市新店區北新路2段121巷15號1樓;24.974992496415;121.542100562501;30;0;100000000;0.03
新北市深坑區北深路3段13號;25.000962649938;121.609956511115;34;0;100000000;0.03
臺北市大安區羅斯福路三段283巷21弄2號;25.019762546299;121.531658052249;23;0;100000000;0.03
臺北市士林區至善路二段33號;25.097295695495;121.544459230054;30;0;100000000;0.03
新北市淡水區北新路51號;25.17813416439;121.44572543979;48;0;100000000;0.03
新北市淡水區新市五路三段412號16樓(有改地址);25.197692706807;121.438836437389;47;0;100000000;0.03
新北市中和區員山路132巷24號(文元里辦公處);24.996272514107;121.482370785197;40;0;100000000;0.03
臺北市中正區同安街4巷4號;25.026273147681;121.52242630791;15;0;100000000;0.03
新北市蘆洲區正和街13號1樓;25.082519238387;121.470269831582;34;0;100000000;0.03
臺北市內湖區民權東路6段73號1樓;25.069127429775;121.587678921217;50;0;100000000;0.03
臺北市大安區延吉街135之1號;25.042307518908;121.554289190822;41;0;100000000;0.03
臺北市中山區民權西路70巷41之1號1樓;25.061092411662;121.520346925371;13;0;100000000;0.03
臺北市南港區研究院路2段61巷2弄41號1樓;25.043554913738;121.618582495311;22;0;100000000;0.03
臺北市大安區羅斯福路四段123巷29-1號;25.010142510296;121.537652621762;34;0;100000000;0.03
基隆市信義區信一路34號;25.128457390297;121.755208019985;49;0;100000000;0.03
新北市新店區玫瑰路62巷1號1F;24.946024417468;121.495164624947;19;0;100000000;0.03
臺北市中正區臨沂街75巷10之3號;25.034652536285;121.529038707506;34;0;100000000;0.03
新北市中和區南山路495號;24.987794177135;121.508010021182;14;0;100000000;0.03
臺北市松山區光復北路85巷13號1樓;25.050537500088;121.558731096591;39;0;100000000;0.03
臺北市士林區至善路二段221號(故宮4樓(東徹停車場);25.100203671074;121.549584596208;18;0;100000000;0.03
臺北市大安區延吉街83號;25.04363701448;121.553949304649;11;0;100000000;0.03
臺北市文山區興隆路四段72號;24.984239705365;121.561731901747;24;0;100000000;0.03
桃園市中壢區遠東路135號1樓(元智大學內女宿舍2餐廳);24.969040073288;121.263029937821;33;0;100000000;0.03
臺北市北投區裕民六路90巷31弄6號1樓;25.112702890817;121.5189350776;25;0;100000000;0.03
臺北市信義區吳興街284巷15-3號1樓;25.024322930269;121.563619338704;14;0;100000000;0.03
桃園市桃園區中正路573號;25.004184276333;121.305025136706;33;0;100000000;0.03
臺北市內湖區內湖路一段91巷35弄1號1樓;25.087467494927;121.562341182289;22;0;100000000;0.03
臺北市文山區興隆路三段111號.地下一樓;24.999602937605;121.557646729777;15;0;100000000;0.03
新北市新莊區西盛街171號;25.017428982545;121.42817029796;42;0;100000000;0.03
新北市板橋區公館街27號1樓;25.015284514527;121.461096341471;47;0;100000000;0.03
桃園市中壢區大同路86-1號;24.957651763669;121.222851388726;22;0;100000000;0.03
新北市板橋區建國街118號;25.017582622831;121.460977150808;19;0;100000000;0.03
新北市新店區二十張路22巷7號;24.982052531551;121.538090576203;35;0;100000000;0.03
臺北市文山區景美街131號1樓;24.989671010985;121.541407798203;18;0;100000000;0.03
臺北市大同區長安西路122號;25.050603046571;121.518133767656;38;0;100000000;0.03
新北市板橋區長安街331巷112號;25.012505033525;121.471557459548;16;0;100000000;0.03
臺北市士林區福華路145號;25.103114706046;121.52224022966;22;0;100000000;0.03
新北市新店區安民街343號;24.975144586049;121.517054849079;12;0;100000000;0.03
基隆市中正區新豐街215號;25.137132031441;121.788483002125;15;0;100000000;0.03
新北市新店區北宜路一段39巷23號4樓;24.958235605135;121.53918072653;34;0;100000000;0.03
新北市新店區大豐路72號1樓;24.979345302554;121.538898088755;19;0;100000000;0.03
臺北市中正區青島東路6-1號1樓;25.043853058034;121.521923896634;22;0;100000000;0.03
臺北市中正區重慶南路3段18號1樓;25.029011934544;121.515391041299;20;0;100000000;0.03
臺北市大安區敦化南路2段63巷19號;25.030997481677;121.550060017756;44;0;100000000;0.03
新北市新店區三民路83號3樓;24.971676070696;121.535844980523;36;0;100000000;0.03
新北市新店區安康路三段97號1樓;24.951803290728;121.491466994161;22;0;100000000;0.03
新北市新莊區公園路128號(有專屬鼎耀四門冷凍櫃,淺藍遙控器)-;25.039905283;121.44981761500645;30;0;100000000;0.03
新北市樹林區博愛街246號(從樹中二街入紫色大樓後門);24.985813030501;121.424000636406;29;0;100000000;0.03
新北市新莊區復興路二段176號;25.044442599194;121.458771872082;15;0;100000000;0.03
新北市三重區文化北路141號1樓;25.069309778078;121.497628363547;46;0;100000000;0.03
新北市板橋區館前東路63之1號;25.007847377568;121.464156909596;19;0;100000000;0.03
臺北市大安區敦化南路二段81巷45弄10號;25.030734457556;121.550090360246;12;0;100000000;0.03
新北市土城區中央路2段264號;24.974441973015;121.44150171496;22;0;100000000;0.03
臺北市士林區基河路104號;25.088165414095;121.523744194547;46;0;100000000;0.03
新北市中和區建一路170之3號1樓;24.997550963889;121.488039633952;18;0;100000000;0.03
桃園市桃園區南豐三街1號1樓;24.981593035619;121.306363894281;24;0;100000000;0.03
新北市三峽區中山路459巷201號(無極七玄宮旁);24.929839956143;121.3438300717;19;0;100000000;0.03
新北市中和區景安路132巷1號1樓;24.994223264509;121.504487023458;23;0;100000000;0.03
臺北市中正區延平南路216巷3號1樓;25.034473415015;121.507202340992;25;0;100000000;0.03
新北市汐止區大同路三段222號1樓(黑貓宅急便旁);25.072942746371;121.675336361712;38;0;100000000;0.03
臺北市中山區錦州街258號1樓;25.060292526642;121.534469426393;33;0;100000000;0.03
臺北市內湖區東湖路119巷50弄9號1樓;25.069663033387;121.617464265608;17;0;100000000;0.03
臺北市北投區中央南路一段54號;25.132014041362;121.501329979627;32;0;100000000;0.03
臺北市內湖區星雲街15巷21之1號;25.078721733335;121.590231043096;14;0;100000000;0.03
臺北市松山區敦化北路222巷6號1樓;25.058846815982;121.548623778647;17;0;100000000;0.03
新北市蘆洲區長榮路502號3樓;25.089816313744;121.459500008011;21;0;100000000;0.03
新北市新店區安康路三段193號1樓;24.951762512769;121.488080034725;13;0;100000000;0.03
臺北市文山區辛亥路4段217號;25.002223958728;121.555464668924;50;0;100000000;0.03
臺北市中山區北安路595巷1之1號;25.082147123796;121.548515065363;24;0;100000000;0.03
桃園市桃園區新埔七街34號1樓;25.01909589163;121.301914780076;13;0;100000000;0.03
臺北市大安區仁愛路四段8巷28號;25.036868838985;121.544288530964;29;0;100000000;0.03
臺北市大同區赤峰街35巷11號1樓;25.054353039536;121.519729893292;29;0;100000000;0.03
桃園市八德區東勇街51-9號;24.962190019415;121.306729680536;42;0;100000000;0.03
臺北市北投區大興街119號1樓;25.130887513576;121.502929079115;15;0;100000000;0.03
臺北市松山區南京東路5段316號;25.051202478377;121.56804934217;24;0;100000000;0.03
基隆市仁愛區愛四路2-6號1樓;25.128403201293;121.743684076585;17;0;100000000;0.03
臺北市大安區敦化南路2段81巷45弄21號;25.030613087598;121.55032631082;34;0;100000000;0.03
臺北市大安區四維路170巷31號;25.028277428368;121.546732821291;12;0;100000000;0.03
臺北市大安區和平東路2段118巷60號;25.021850017375;121.542809671509;14;0;100000000;0.03
臺北市南港區興華路85號1樓;25.055597571216;121.605899167064;17;0;100000000;0.03
新北市淡水區清水街22號;25.170467363284;121.445037872272;35;0;100000000;0.03
新北市汐止區原興路81號1樓;25.06647107893;121.631827913985;39;0;100000000;0.03
新北市三重區中興北街136巷18弄18號(收藍到B1);25.055227300644;121.467957096858;49;0;100000000;0.03
新北市三重區萬全街59號;25.070266949511;121.5012439813;24;0;100000000;0.03
基隆市中正區中正路583號;25.151956139669;121.770009538983;50;0;100000000;0.03
臺北市內湖區內湖路一段323巷18弄2號(由側門進貨);25.0838374603;121.567859994978;45;0;100000000;0.03
臺北市信義區信義路六段113號;25.036216599418;121.578102345382;10;0;100000000;0.03
臺北市南港區忠孝東路6段465號之1;25.050605635173;121.594249934597;33;0;100000000;0.03
臺北市中山區南京東路1段13巷7弄2-7號1樓;25.053522505357;121.524169073219;31;0;100000000;0.03
臺北市中正區羅斯福路四段136巷6弄6號;25.012575818697;121.535644820675;48;0;100000000;0.03
新北市新店區中正路416號1樓;24.977831405112;121.534357611804;26;0;100000000;0.03
臺北市內湖區金湖路396號;25.073537526221;121.605190058055;47;0;100000000;0.03
基隆市信義區東明路177號;25.127802512202;121.759398552477;41;0;100000000;0.03
新北市淡水區中正東路2段29號3樓;25.156977588455;121.458925822173;15;0;100000000;0.03
新北市淡水區民生路71號;25.138317484007;121.463228446182;24;0;100000000;0.03
桃園市八德區長興路360巷58弄4號;24.933496878917;121.277326383291;39;0;100000000;0.03
臺北市大安區延吉街68-28號;25.04280255411;121.554100765639;19;0;100000000;0.03
基隆市七堵區自治街28巷14號1樓;25.095971983437;121.711817337997;10;0;100000000;0.03
桃園市桃園區大豐路100號;24.980467429841;121.316978149729;10;0;100000000;0.03
桃園市龜山區德明路135號;24.989761158354;121.344600711644;30;0;100000000;0.03
臺北市中山區中山北路二段116巷43號(天祥路口);25.061057501035;121.521151252799;36;0;100000000;0.03
臺北市士林區忠誠路2段55號B1(高島屋內美食街);25.111585899751;121.530905839317;25;0;100000000;0.03
新北市淡水區博愛街47-3號;25.16931724044;121.446513590145;44;0;100000000;0.03
臺北市松山區敦化北路165巷1號;25.054797434739;121.550080972514;49;0;100000000;0.03
臺北市文山區福興路36號;25.0031033461;121.550906087063;43;0;100000000;0.03
新北市土城區立德路74巷6號;24.986536179197;121.463910816919;36;0;100000000;0.03
新北市淡水區新市二路一段98號;25.196303993089;121.42536026492;45;0;100000000;0.03
新北市新店區寶宏路6號1樓;24.976720300027;121.549111605412;24;0;100000000;0.03
新北市新店區建國路242號1樓;24.982001276213;121.537680282042;30;0;100000000;0.03
新北市板橋區文聖街16號;25.032087673914;121.475672303455;19;0;100000000;0.03
臺北市大安區仁愛路4段48巷23號;25.036281433439;121.547100283926;36;0;100000000;0.03
臺北市中山區林森北路85巷70號1樓;25.049203101103;121.527353693511;44;0;100000000;0.03
新北市三重區中興北街139巷2號;25.05187655103;121.469272468923;45;0;100000000;0.03
臺北市文山區興隆路三段193號1樓;24.995709711218;121.559898192789;28;0;100000000;0.03
臺北市內湖區行善路60號;25.056945045971;121.576277437423;10;0;100000000;0.03
臺北市大安區和平東路3段228巷41號1樓;25.020735978624;121.553284787365;23;0;100000000;0.03
新北市新莊區建國一路92號;25.030038633863;121.434482373965;23;0;100000000;0.03
臺北市松山區民生東路3段113巷25弄13號;25.059802059578;121.546488069718;19;0;100000000;0.03
新北市樹林區三福街3號;25.016913872686;121.409179587573;19;0;100000000;0.03
臺北市內湖區港墘路125號1樓;25.078124145548;121.576134777431;34;0;100000000;0.03
桃園市中壢區中央東路36號;24.956873881145;121.224560626421;44;0;100000000;0.03
臺北市中山區臨沂街3巷7號;25.043317328693;121.531222947655;46;0;100000000;0.03
臺北市內湖區文德路22巷27弄3號1樓;25.076644739637;121.579846787071;41;0;100000000;0.03
臺北市文山區羅斯福路六段202巷1號1樓;24.993825124108;121.540697096633;50;0;100000000;0.03
新北市林口區仁愛路1段28巷7號1樓;25.07583513161;121.397624631132;50;0;100000000;0.03
臺北市內湖區文德路66巷53弄3號;25.077062493692;121.58204049877;23;0;100000000;0.03
新北市新店區安祥路104號-10(美而美早餐店);24.962136878149;121.479143417198;24;0;100000000;0.03
臺北市中山區錦州街290號;25.060272451984;121.535710031882;42;0;100000000;0.03
臺北市士林區中山北路6段476號2樓;25.114905654972;121.52774596658;22;0;100000000;0.03
新北市土城區中正路54號;24.975323204405;121.443746723907;11;0;100000000;0.03
臺北市大安區四維路166號;25.028459986219;121.547949705994;40;0;100000000;0.03
基隆市七堵區自治北街2號;25.097322266129;121.712477161415;22;0;100000000;0.03
臺北市大安區信義路四段60之138號(信維市場);25.033252506998;121.545479056214;22;0;100000000;0.03
基隆市暖暖區源遠路174號;25.098272522491;121.749830610002;14;0;100000000;0.03
新北市板橋區長江路1段411號;25.031066548559;121.463412009861;37;0;100000000;0.03
臺北市大安區光復南路456巷18號;25.035386497637;121.556611816192;17;0;100000000;0.03
桃園市中壢區新中北路526號1樓;24.957163589271;121.246140113293;46;0;100000000;0.03
新北市淡水區北新路182巷11號;25.177932411981;121.449183393945;30;0;100000000;0.03
臺北市信義區基隆路2段131-24號;25.02755960218;121.556280311922;32;0;100000000;0.03
臺北市中山區南京東路一段13巷7弄2-2號1樓(收款地址-A8822福德滿);25.053532521731;121.524069077114;28;0;100000000;0.03
臺北市信義區虎林街149號對面(貨大都送這);25.039527870267;121.576707261417;31;0;100000000;0.03
新北市三重區重新路二段150號1樓(大同南路左邊第3攤);25.061532922583;121.495715026509;24;0;100000000;0.03
新北市土城區中央路四段24號;24.960962992609;121.421013409934;21;0;100000000;0.03
新北市新店區裕合街16號(住家.有特別說才送這);24.949947453546;121.489420887776;31;0;100000000;0.03
桃園市楊梅區環東路432號;24.909460765733;121.157307923379;14;0;100000000;0.03
新北市淡水區學府路14號;25.167997593604;121.44746711545;17;0;100000000;0.03
新竹縣竹北市勝利一路109號;24.82139634193;121.027178960399;42;0;100000000;0.03
新北市淡水區民族路29巷62號1F;25.137053702556;121.462131171237;23;0;100000000;0.03
臺北市大安區信義路4段60-144號;25.033252548907;121.545508979608;29;0;100000000;0.03
臺北市內湖區成功路三段187巷3弄2號1樓;25.079719934184;121.590709063034;18;0;100000000;0.03
新北市新店區中正路28號;24.969684740049;121.545163309921;38;0;100000000;0.03
新北市淡水區水源街二段92巷2號;25.174199279945;121.451920001512;42;0;100000000;0.03
臺北市信義區永吉路257號;25.045597457814;121.57505099735;23;0;100000000;0.03
桃園市桃園區大豐路72號1樓;24.980517260256;121.317505622896;16;0;100000000;0.03
新北市新店區寶橋路6巷4號;24.973299393884;121.543392046142;24;0;100000000;0.03
臺北市大安區復興南路二段84-5號;25.03067951418;121.543449629817;37;0;100000000;0.03
臺北市信義區崇德街328號1樓;25.01491378295;121.567411144063;50;0;100000000;0.03
基隆市中山區復興路287號;25.149412567331;121.726632687136;22;0;100000000;0.03
臺北市信義區基隆路一段350之15號1樓;25.037016191071;121.56172561532;50;0;100000000;0.03
新北市淡水區新春街103-1號;25.182216821789;121.440093974322;31;0;100000000;0.03
桃園市龜山區萬壽路2段1111巷3號;24.993520148561;121.333838180329;38;0;100000000;0.03
臺北市北投區振華街6號1樓;25.115607220268;121.519764718376;27;0;100000000;0.03
新北市永和區竹林路85號;25.012322014669;121.519587357305;18;0;100000000;0.03
臺北市松山區南京東路3段256巷47號;25.049581250665;121.544659641359;24;0;100000000;0.03
新北市三重區重新路2段10之1號;25.062793812278;121.499649240402;49;0;100000000;0.03
臺北市松山區三民路113巷5號之4;25.058002590694;121.563202003745;30;0;100000000;0.03
新北市汐止區忠孝東路346號旁(鐵皮屋);25.069730256251;121.665161066533;38;0;100000000;0.03
臺北市大安區通安街7號1樓;25.030679430361;121.553300293886;41;0;100000000;0.03
新北市永和區中正路505號1樓;25.006967193916;121.516989805511;45;0;100000000;0.03
桃園市龜山區復興北路6巷51-2號1樓;25.058436479912;121.367665865164;45;0;100000000;0.03
新北市新店區明德路50號3F;24.97853447915;121.541729663285;49;0;100000000;0.03
新北市新店區民權路38號2F(36巷入黃色樓梯);24.983312668385;121.540881546069;18;0;100000000;0.03
臺北市大安區瑞安街153號;25.026403150999;121.539383987682;45;0;100000000;0.03
臺北市信義區莊敬路302號1樓(10點半後有人);25.028411455;121.563187503052;18;0;100000000;0.03
新北市新店區北宜路2段38號1樓;24.951382770646;121.54858547335;21;0;100000000;0.03
臺北市中正區中華路二段99號1樓;25.033664477539;121.505455049456;35;0;100000000;0.03
新北市新店區北新路三段65巷14號1樓;24.981097497503;121.540799355852;19;0;100000000;0.03
新北市新店區安民街27號;24.965064425471;121.515684156453;47;0;100000000;0.03
臺北市南港區興中路44巷28號;25.055912856504;121.60615489893;25;0;100000000;0.03
新北市永和區中正路597號1樓;25.009444800676;121.516614715344;22;0;100000000;0.03
臺北市大安區師大路126巷16號;25.021938991277;121.527680587735;25;0;100000000;0.03
新北市新店區民權路129-1號(三車);24.982812518712;121.535400991112;23;0;100000000;0.03
新北市新店區中央路133巷32弄2號;24.973096509917;121.531625781922;47;0;100000000;0.03
新北市三峽區復興路155號;24.938313874853;121.370840594811;44;0;100000000;0.03
新北市蘆洲區信義路325號;25.086624568834;121.478234902713;14;0;100000000;0.03
臺北市松山區南京東路四段179巷3號;25.052089996195;121.556440322453;41;0;100000000;0.03
臺北市中山區雙城街19巷5號;25.065447480914;121.524550617451;23;0;100000000;0.03
新北市土城區中央路三段112號1樓;24.966302851665;121.435353086067;18;0;100000000;0.03
臺北市大安區泰順街44巷6號1樓;25.023693449341;121.53085196462;47;0;100000000;0.03
臺北市大安區金山南路二段25之1號;25.033203766231;121.527199550312;42;0;100000000;0.03
臺北市文山區羅斯福路五段20號;25.009328795136;121.537452294276;50;0;100000000;0.03
基隆市信義區東信路122號;25.127477461997;121.766169370043;35;0;100000000;0.03
新北市新店區民權路101-1號;24.98285250039;121.536901435599;31;0;100000000;0.03
新北市三重區中正南路155-1號;25.056247503989;121.493790792997;11;0;100000000;0.03
桃園市桃園區大業路1段319號;25.011051485786;121.313067488984;45;0;100000000;0.03
臺北市文山區木柵路三段102巷23號1樓;24.98692635679;121.567899473742;16;0;100000000;0.03
臺北市大同區民權西路144巷10弄2號1樓;25.062222501758;121.515689353233;18;0;100000000;0.03
臺北市大安區師大路133號;25.021623747899;121.52808442783;32;0;100000000;0.03
新北市板橋區廣和街83號;24.991938190065;121.462728968571;44;0;100000000;0.03
新北市林口區中原街21號;25.078484041135;121.39268528113;36;0;100000000;0.03
新北市淡水區新民街180巷7弄11號1樓;25.179426737679;121.437073387875;47;0;100000000;0.03
臺北市中正區重慶南路三段83號1樓(華王排骨便當);25.025372657524;121.516601660776;41;0;100000000;0.03
臺北市萬華區昆明街131號;25.041344019138;121.50453966181;43;0;100000000;0.03
新北市板橋區仁愛路12號..從巷口16號走進去到底;24.999493679497;121.458541202107;12;0;100000000;0.03
新北市中和區新興街17巷2號;25.002538741102;121.512437761534;23;0;100000000;0.03
臺北市信義區吳興街146號;25.029430903974;121.561618159321;14;0;100000000;0.03
新北市新店區寶橋路235巷134號;24.983986152794;121.552185165487;44;0;100000000;0.03
新北市永和區信義路15號(麵麵俱到隔壁);25.012063265318;121.514372807701;46;0;100000000;0.03
新北市土城區學府路1段176號;24.986433542793;121.453794278881;48;0;100000000;0.03
新北市板橋區國泰街56號;25.006627223923;121.467785770757;30;0;100000000;0.03
新北市中和區員山路294巷3號;25.002416071949;121.481789500211;26;0;100000000;0.03
臺北市中山區復興南路一段30巷4號(轉角三角窗);25.046422530453;121.543479469392;46;0;100000000;0.03
臺北市松山區光復南路1號2樓;25.047100747908;121.557673084472;47;0;100000000;0.03
臺北市士林區延平北路9段213號1樓;25.107919338675;121.471250011339;41;0;100000000;0.03
臺北市中正區忠孝東路二段134巷26號;25.040680842959;121.53161035922;20;0;100000000;0.03
臺北市中正區延平南路157巷2號(和平醫院後面);25.035303684434;121.508001220183;14;0;100000000;0.03
臺北市文山區景美街5巷15號(從景華街進入);24.993234409482;121.542064017403;12;0;100000000;0.03
臺北市南港區昆陽街140巷11號;25.049766826001;121.593803494048;36;0;100000000;0.03
臺北市大安區臥龍街11號1F;25.018512930677;121.550787383137;29;0;100000000;0.03
新北市新店區中興路3段292號1樓;24.984752510202;121.542606997091;38;0;100000000;0.03
臺北市大安區安和路1段137號;25.034138474164;121.552560339474;41;0;100000000;0.03
新北市新店區新店路180號;24.955969515702;121.537150294304;35;0;100000000;0.03
臺北市中正區八德路一段82巷9弄15號;25.043567067498;121.531374995378;24;0;100000000;0.03
臺北市中山區中山北路一段140巷14號;25.051432519709;121.521280920841;15;0;100000000;0.03
新北市新店區三民路159巷口;24.974197160071;121.534195996445;38;0;100000000;0.03
臺北市北投區中山路28之1號B2;25.137057390594;121.510202727053;17;0;100000000;0.03
臺北市北投區大興街74號1樓;25.130702818339;121.50151496823;34;0;100000000;0.03
新北市永和區安樂路419號;25.004203241952;121.514384360073;50;0;100000000;0.03
新北市土城區延吉街311號;24.984423520502;121.46600830437;25;0;100000000;0.03
基隆市仁愛區愛三路21號2樓B7;25.127506798658;121.742065950177;45;0;100000000;0.03
臺北市文山區興隆路三段136號1樓;24.998879621271;121.558059622328;12;0;100000000;0.03
新北市三重區文化南路37號;25.061566324468;121.500189956976;37;0;100000000;0.03
臺北市信義區吳興街269巷12號;25.02703678097;121.564366333915;44;0;100000000;0.03
臺北市北投區中和街351號;25.141489573355;121.499259649543;36;0;100000000;0.03
臺北市大同區赤峰街41巷13號1樓;25.054857449166;121.520321444385;46;0;100000000;0.03
新北市板橋區中山路2段179號;25.016885248486;121.47616792539;33;0;100000000;0.03
臺北市松山區吉祥路45號1樓;25.050129008037;121.562560369057;43;0;100000000;0.03
臺北市大安區和平東路二段217號1樓;25.025077217736;121.542624431449;40;0;100000000;0.03
臺北市大安區樂業街128-7號;25.020517546227;121.552412482701;47;0;100000000;0.03
臺北市信義區莊敬路258號;25.029221272575;121.56251770517;32;0;100000000;0.03
臺北市內湖區瑞光路478巷18弄30號;25.078724080268;121.567849936694;40;0;100000000;0.03
臺北市大安區溫州街74巷6號(下午3-5點休);25.01975722379;121.532164067743;27;0;100000000;0.03
新北市新店區北新路三段82號;24.980658621053;121.541968798983;21;0;100000000;0.03
新北市新店區北新路2段97巷10弄2號;24.974550015747;121.542220339897;37;0;100000000;0.03
新北市三重區五華街71巷115號1樓;25.084345822727;121.495084455933;11;0;100000000;0.03
臺北市士林區中山北路六段822號;25.11822220642;121.530133132604;23;0;100000000;0.03
臺北市中正區新生南路一段160巷22之1號;25.034602538233;121.530499254135;45;0;100000000;0.03
新北市永和區中和路519巷3號;25.002903689166;121.51087554242;27;0;100000000;0.03
臺北市大安區杭州南路二段75號1樓;25.029142901781;121.52196924273;30;0;100000000;0.03
新北市中和區中山路2段243號;25.002442558763;121.497932375175;22;0;100000000;0.03
臺北市中山區松江路362巷34號;25.061922513443;121.531929039178;40;0;100000000;0.03
新北市林口區民族路138號;25.076077829616;121.366718039553;13;0;100000000;0.03
臺北市內湖區康寧路三段165巷6號;25.070769235059;121.611599867051;42;0;100000000;0.03
新北市新莊區中正路893巷1-12號1樓;25.021436915277;121.412913893076;25;0;100000000;0.03
臺北市內湖區文德路22巷27弄16號;25.076425049955;121.579542775443;46;0;100000000;0.03
新北市新莊區中平路396號1樓;25.053971775367;121.444660267534;21;0;100000000;0.03
新北市中和區中山路2段64巷8號;25.005035961515;121.503654700473;30;0;100000000;0.03
桃園市八德區銀和街27巷2弄10號11樓之3(東門警衛室);24.955976938754;121.297355380387;43;0;100000000;0.03
新北市新店區北新路一段231號2樓(近新生街);24.965543998779;121.540573634349;46;0;100000000;0.03
新北市新莊區自信街45巷15號4樓;25.048958307621;121.454569688744;20;0;100000000;0.03
臺北市文山區興隆路一段55巷12號1樓;25.003980009353;121.541480385485;32;0;100000000;0.03
基隆市中山區中和路166之2號1F;25.149116476601;121.718264278825;20;0;100000000;0.03
臺北市南港區福德街356號;25.039666465036;121.588881640504;36;0;100000000;0.03
桃園市龜山區文化七路82號;25.051482559671;121.363631487528;36;0;100000000;0.03
新北市板橋區新海路7號;25.020595665565;121.462604162033;35;0;100000000;0.03
新北市新店區民權路9號1樓;24.982882549513;121.537422035605;15;0;100000000;0.03
臺北市士林區至誠路二段129號;25.101023672661;121.526778778772;35;0;100000000;0.03
新北市永和區文化路61號1樓;25.015122618068;121.514037531574;39;0;100000000;0.03
臺北市南港區忠孝東路六段481號1樓;25.050834908649;121.595265529148;17;0;100000000;0.03
基隆市信義區信二路25-4號;25.128992700544;121.75695623353;42;0;100000000;0.03
臺北市中山區北安路621巷21號1樓;25.082967502569;121.547849290794;49;0;100000000;0.03
桃園市龜山區復興一路212巷5號2樓;25.05749034787;121.367631501048;23;0;100000000;0.03
新北市淡水區北新路182巷3弄28號;25.177790590179;121.449698461895;18;0;100000000;0.03
新北市新莊區四維路97巷7號1樓(有改地址);25.023486248694;121.42378907717;43;0;100000000;0.03
臺北市中正區羅斯福路4段136巷10號1樓;25.012614752638;121.535441643342;26;0;100000000;0.03
臺北市大安區師大路80巷2號;25.023252561234;121.528148130294;44;0;100000000;0.03
臺北市信義區莊敬路325巷48號;25.028766680057;121.564516034706;41;0;100000000;0.03
新北市土城區立德路135巷6號1樓;24.986815422302;121.464733668354;32;0;100000000;0.03
臺北市中山區林森北路67巷123號1樓(招牌米家花雞);25.047810076606;121.52828;38;0;100000000;0.03
桃園市桃園區復興路309號1樓;24.989293531975;121.305321856078;11;0;100000000;0.03
新北市新店區大豐路52號(停車要熄火);24.979834428513;121.539935013996;42;0;100000000;0.03
新北市中和區連城路343號1樓(路口在347巷內);24.996202525215;121.488259994187;19;0;100000000;0.03
新北市板橋區貴興路30號;25.003722433468;121.457452979617;50;0;100000000;0.03
臺北市大安區富陽街138號;25.018916770359;121.556809880564;44;0;100000000;0.03
新北市板橋區文化路2段410巷36號10樓;25.030583331841;121.474585841165;28;0;100000000;0.03
臺北市北投區大同街349號;25.141074040505;121.499410020886;31;0;100000000;0.03
新北市新店區安康路三段2之4號;24.953852707964;121.493842928435;22;0;100000000;0.03
新北市板橋區板新路61號1樓;25.013506084221;121.473825015814;12;0;100000000;0.03
新北市三重區重陽路一段103號;25.05944004518;121.486790311284;33;0;100000000;0.03
臺北市內湖區東湖路119巷50弄1號;25.06971298953;121.617234266185;29;0;100000000;0.03
新北市淡水區學府路130號;25.172663631464;121.450434392994;26;0;100000000;0.03
新北市新店區建國路228號;24.981535703401;121.537689921231;26;0;100000000;0.03
新北市淡水區坪頂路38巷3號1樓;25.159802690688;121.478237082007;25;0;100000000;0.03
新北市板橋區龍興街65巷5號;25.001454583836;121.443228387015;42;0;100000000;0.03
臺北市大安區龍泉街15號1樓;25.025234881335;121.52929980379;34;0;100000000;0.03
臺北市大安區敦化南路一段160巷17號1樓;25.043577502968;121.54771023502;27;0;100000000;0.03
新北市汐止區建成路160巷26號1樓(倉庫);25.074564607373;121.661806001148;37;0;100000000;0.03
臺北市信義區吳興街245號;25.027338613303;121.563472403941;23;0;100000000;0.03
新北市淡水區新市一路一段99巷25號;25.187852645846;121.430886872779;33;0;100000000;0.03
臺北市內湖區江南街118巷3號1樓;25.076433348039;121.575816097472;22;0;100000000;0.03
桃園市龜山區山鶯路167號;24.985799996641;121.327410853155;31;0;100000000;0.03
基隆市暖暖區暖暖街151號;25.100199186755;121.736719888512;32;0;100000000;0.03
新北市三峽區和平街60號;24.937861252082;121.370318737519;45;0;100000000;0.03
新北市新店區中興路3段293-1號;24.984928236802;121.542302566367;16;0;100000000;0.03
新北市中和區景平路293號;24.993072764479;121.507115839751;14;0;100000000;0.03
新北市新店區中華路1號1樓(單據務必請放櫃台抽屜堶);24.967315100204;121.540840526293;36;0;100000000;0.03
臺北市大安區四維路183號;25.027931130039;121.548030339902;42;0;100000000;0.03
新北市新店區北宜路二段21之1號;24.951672700677;121.548097059852;16;0;100000000;0.03
新北市淡水區新生街124號(麻油雞店);25.174583925481;121.440960495472;23;0;100000000;0.03
臺北市文山區羅斯福路5段150巷59號;25.007421157792;121.537831323937;37;0;100000000;0.03
新北市新莊區民安路98巷9號(福營國中側門);25.025510143035;121.423578272305;11;0;100000000;0.03
臺北市北投區尊賢街240巷1號;25.116494444719;121.507606013449;38;0;100000000;0.03
新北市土城區中央路二段162號;24.976499981702;121.44195970215;44;0;100000000;0.03
臺北市大同區重慶北路三段113巷42號;25.067262456318;121.515270341893;29;0;100000000;0.03
新北市新莊區富國路101號;25.026605427852;121.41798013969;17;0;100000000;0.03
臺北市中山區民生東路二段115巷25弄2號;25.059289295273;121.531759232267;11;0;100000000;0.03
新北市板橋區沙崙街29-6號1樓;24.994302934499;121.430954430919;36;0;100000000;0.03
臺北市大安區八德路二段3號2樓;25.044773602455;121.534407771697;34;0;100000000;0.03
臺北市信義區永吉路278巷30號;25.044521514813;121.574149691301;39;0;100000000;0.03
基隆市仁愛區南新街31巷6-2號3樓;25.124745296838;121.745195669003;46;0;100000000;0.03
臺北市內湖區東湖路119巷46號1樓;25.069607168003;121.616976857938;12;0;100000000;0.03
桃園市桃園區大興西路二段181之7號(亞曼尼燈飾的右側);25.009627693803;121.295707813136;43;0;100000000;0.03
桃園市八德區廣福路20巷7號;24.959053888432;121.29882998825;35;0;100000000;0.03
臺北市大安區通化街113號1樓;25.029461288373;121.554038823375;41;0;100000000;0.03
臺北市文山區試院路34號1樓;24.989207491739;121.54930916687;33;0;100000000;0.03
臺北市文山區興隆路三段231號1樓;24.993418224618;121.559087411295;31;0;100000000;0.03
臺北市內湖區內湖路1段737巷4號(大呼過癮騎樓外);25.079224102702;121.57838389351;23;0;100000000;0.03
新北市新店區中正路154巷12號1樓;24.97210333821;121.541864109012;46;0;100000000;0.03
新北市三重區仁義街101巷42號;25.077633312508;121.498872081962;34;0;100000000;0.03
新北市樹林區佳園路一段22之5號1樓;24.969423643765;121.394628184566;16;0;100000000;0.03
桃園市中壢區中正路10號;24.954065817853;121.225060355489;19;0;100000000;0.03
新北市三峽區和平街79巷1號;24.937252558273;121.369937528563;39;0;100000000;0.03
臺北市松山區南京東路四段75巷14弄3號;25.052232572368;121.553499112629;29;0;100000000;0.03
新北市土城區學府路一段189巷8號;24.984648616512;121.452400871298;49;0;100000000;0.03
新北市新莊區公園路5號;25.038675765991;121.447269386354;29;0;100000000;0.03
新北市淡水區新興街60號1樓(心炸台式炸物);25.180076628542;121.441997588352;14;0;100000000;0.03
新北市板橋區龍興街97巷2號;25.00267565949;121.444070852103;27;0;100000000;0.03
臺北市中山區八德路二段279號;25.047086922008;121.541743744883;33;0;100000000;0.03
新北市新店區大豐路45號1樓;24.979814270036;121.540140622081;15;0;100000000;0.03
新北市板橋區民族路83-1號;25.008586032786;121.465749638838;49;0;100000000;0.03
臺北市中山區中山北路1段105巷7號1樓;25.05085680869;121.522936933452;37;0;100000000;0.03
基隆市中正區新豐街285號;25.135830908611;121.787481867609;23;0;100000000;0.03
臺北市內湖區內湖路2段60號;25.079053489062;121.580507951593;11;0;100000000;0.03
臺北市南港區昆陽街65號1樓;25.052328209883;121.593242744726;45;0;100000000;0.03
桃園市桃園區愛一街74號3樓;25.002384933179;121.301777065406;41;0;100000000;0.03
臺北市內湖區內湖路1段285巷68弄9號1樓;25.085527461528;121.566979978963;34;0;100000000;0.03
臺北市內湖區東湖路43巷10號1樓;25.069349592118;121.614071187384;35;0;100000000;0.03
新北市新店區寶橋路1巷4號;24.974071367166;121.543350304264;39;0;100000000;0.03
新北市土城區金城路3段116巷11弄3號;24.98687007231;121.467160732237;22;0;100000000;0.03
新北市林口區文化二路一段20巷25弄19號1樓;25.067413162937;121.365633672739;33;0;100000000;0.03
新北市三峽區國光街3號1樓(店面);24.937121926312;121.375307143375;30;0;100000000;0.03
臺北市大同區塔城街31號1樓;25.048872393113;121.510219155583;19;0;100000000;0.03
新北市淡水區學府路19號1樓;25.174996692303;121.446503364223;36;0;100000000;0.03
新北市淡水區沙崙路200號;25.18392727486;121.424647132598;43;0;100000000;0.03
基隆市中山區安一路38號(貨一定要放冰箱);25.131547462722;121.736770012293;42;0;100000000;0.03
臺北市士林區光華路26巷2弄8號1樓;25.137603723042;121.541946335482;44;0;100000000;0.03
臺北市中山區八德路二段346巷1弄9號(在八德路上);25.047677385177;121.545079993804;37;0;100000000;0.03
桃園市龜山區復興北路6巷17號(飲料隔壁);25.059036205085;121.368575301659;20;0;100000000;0.03
臺北市松山區民權東路3段140巷2號1樓;25.061720006662;121.546639698346;32;0;100000000;0.03
臺北市南港區南港路一段125號(收款下午到).帶鑰匙;25.055132543228;121.614241759113;10;0;100000000;0.03
臺北市內湖區康樂街257號之2;25.083325229828;121.624158380025;14;0;100000000;0.03
新北市中和區新生街199號1F;25.000043658074;121.483690096756;19;0;100000000;0.03
臺北市大安區泰順街3之1號(初魚日本料理正對面);25.024166230589;121.531420090018;42;0;100000000;0.03
新北市新店區安德街69號(騎樓門口);24.961687691958;121.510367766726;42;0;100000000;0.03
臺北市內湖區成功路二段438號;25.071895092294;121.589650261025;26;0;100000000;0.03
桃園市中壢區榮民路165巷15號1樓;24.966756773631;121.261403281829;23;0;100000000;0.03
新北市淡水區北新路66號;25.178293043365;121.446206058118;49;0;100000000;0.03
桃園市中壢區中央西路二段142號;24.959146843738;121.214583563253;46;0;100000000;0.03
基隆市七堵區東新街73巷60弄8號;25.095042639922;121.720450698268;47;0;100000000;0.03
臺北市內湖區內湖路1段285巷69弄1號1樓;25.084913151844;121.567473337784;13;0;100000000;0.03
新北市三峽區介壽路二段38巷10-3號(早餐店後面);24.93501333284;121.391652692757;14;0;100000000;0.03
臺北市大安區信義路4段30巷1號(店);25.032949417379;121.544660311912;15;0;100000000;0.03
新北市中和區員山路447號;25.004147144502;121.480643191133;20;0;100000000;0.03
新北市三重區成功路129號;25.051914856328;121.487262882985;45;0;100000000;0.03
基隆市暖暖區源遠路251號;25.098797061992;121.754864529592;42;0;100000000;0.03
臺北市文山區汀州路四段41號;25.009291872852;121.536927419499;20;0;100000000;0.03
新北市永和區永和路一段147號;25.009028429635;121.514181197395;34;0;100000000;0.03
新北市樹林區保安街一段288號1樓;24.997193894813;121.419265112569;38;0;100000000;0.03
新北市新店區北新路一段297巷32號1樓;24.968328715753;121.540482268455;12;0;100000000;0.03
基隆市安樂區麥金路408號1樓;25.124263924139;121.720204940867;44;0;100000000;0.03
新竹縣竹北市成功二街37號;24.820065882439;121.02342009592;21;0;100000000;0.03
臺北市中山區南京東路一段132巷20號1樓;25.050979016838;121.526991343837;47;0;100000000;0.03
新北市淡水區博愛街61號1樓;25.168919980139;121.446870910678;20;0;100000000;0.03
新北市新店區中興路二段100巷21號1樓(近寶興路);24.971067167339;121.547986837825;18;0;100000000;0.03
新北市淡水區民族路4號1樓;25.135411771543;121.462688651617;19;0;100000000;0.03
桃園市桃園區龍壽路215號;24.99368;121.30236;47;0;100000000;0.03
新北市淡水區北新路182巷19號1樓;25.177718254355;121.44897862405;34;0;100000000;0.03
臺北市大安區龍泉街23號1樓;25.024453939416;121.529429974747;43;0;100000000;0.03
基隆市安樂區安和一街2巷7號;25.121951315143;121.723910831718;30;0;100000000;0.03
新北市土城區延安街27號2樓;24.98523132642;121.467717625884;21;0;100000000;0.03
臺北市北投區大業路733號1樓(店裡);25.137346063339;121.502520293697;30;0;100000000;0.03
新北市永和區信義路5巷4號;25.011709758552;121.514428882634;41;0;100000000;0.03
臺北市北投區新市街61號1樓;25.132574455409;121.502324157163;30;0;100000000;0.03
臺北市南港區同德路21-1號1F(要記得帶遙控器，錢在冰箱)肉類放橘色桶子;25.04529678;121.58161001500642;46;0;100000000;0.03
桃園市桃園區大興西路二段69巷2號;25.01121644164;121.298563695186;27;0;100000000;0.03
新北市汐止區新台五路二段2號旁;25.065044479009;121.660201242967;16;0;100000000;0.03
新北市新店區安康路2段213號;24.958884573988;121.508871429371;10;0;100000000;0.03
基隆市中山區文化路179號1樓;25.15411762295;121.731907670261;24;0;100000000;0.03
臺北市信義區松隆路329巷6-1號;25.048521694284;121.579280254235;38;0;100000000;0.03
臺北市內湖區東湖路52號(帶鑰匙);25.068782556368;121.613608171052;35;0;100000000;0.03
新北市新店區博愛街6巷2號1樓;24.973155225149;121.541066738563;50;0;100000000;0.03
臺北市松山區北寧路34號;25.049359088321;121.552680284508;31;0;100000000;0.03
新北市三峽區國光街38巷8號;24.937927594845;121.37501754862;47;0;100000000;0.03
基隆市暖暖區源遠路157-1號(加油站旁);25.098307516937;121.748900051112;20;0;100000000;0.03
臺北市文山區木柵路二段109巷23號;24.989666610486;121.562706046534;34;0;100000000;0.03
桃園市桃園區復興路192號2樓;24.989866393148;121.310861372068;12;0;100000000;0.03
新北市三峽區介壽路一段276巷88弄25號2樓之1;24.928246580497;121.378295962409;32;0;100000000;0.03
新北市汐止區中興路150巷11號7樓(家);25.064853832622;121.632824773729;45;0;100000000;0.03
臺北市松山區光復北路130號1樓;25.052029059758;121.557212211917;35;0;100000000;0.03
新北市林口區文化二路一段214-1號;25.072087959886;121.369198244703;50;0;100000000;0.03
臺北市信義區吳興街269巷22號(下午送不要電聯貨放鐵門內);25.027316820355;121.564766402154;43;0;100000000;0.03
臺北市大同區南京西路338號1樓;25.053902540847;121.512312032987;47;0;100000000;0.03
臺北市內湖區內湖路一段737巷29號;25.08313019531;121.579560964173;18;0;100000000;0.03
新北市新店區安忠路63巷1號2F-馨馥食品;24.958006150535;121.511629410792;21;0;100000000;0.03
新北市新莊區中華路一段106號;25.039941056184;121.452348652041;20;0;100000000;0.03
臺北市松山區南京東路4段133巷4弄16號;25.052267441085;121.554540564099;27;0;100000000;0.03
臺北市內湖區內湖路一段737巷29號1樓;25.08313019531;121.579560964173;43;0;100000000;0.03
臺北市文山區羅斯福路六段403號1樓(11點前)KTV外水槽;24.991858561985;121.540507665621;40;0;100000000;0.03
新北市中和區民生街85巷5弄的巷口;25.004785383684;121.468795086782;34;0;100000000;0.03
新北市淡水區民族路29巷巷口(#1238#);25.135620633855;121.462475868886;31;0;100000000;0.03
新北市淡水區中山北路一段247巷92號1樓;25.179356664968;121.442247620524;30;0;100000000;0.03
新北市淡水區沙崙路181巷2-2號;25.184162596792;121.424237341352;13;0;100000000;0.03
臺北市中正區三元街144之1號;25.028235057848;121.510567172203;48;0;100000000;0.03
臺北市內湖區康樂街162巷8之1;25.072972544037;121.61890888662;12;0;100000000;0.03
臺北市中正區敦化北路220號;25.058512461865;121.549023008695;39;0;100000000;0.03
臺北市北投區育仁路64號1樓;25.133578104495;121.498178384033;11;0;100000000;0.03
臺北市信義區基隆路一段145之1號;25.042744677068;121.565605179204;39;0;100000000;0.03
臺北市北投區中央北路三段38號(路口轉角);25.13827741851;121.485698065481;26;0;100000000;0.03
臺北市信義區吳興街156巷25弄2號;25.028541584047;121.560967388358;17;0;100000000;0.03
桃園市蘆竹區南崁路一段288-7號9樓;25.053884645483;121.284233490603;36;0;100000000;0.03
新北市新莊區後港一路130巷3號1樓;25.026210786321;121.429877943094;39;0;100000000;0.03
臺北市北投區公館路160號1樓;25.129164822925;121.505987803222;20;0;100000000;0.03
新北市中和區中正路736號;24.997872074599;121.485400256461;34;0;100000000;0.03
臺北市中山區中山北路三段22號(新設工2樓餐廳)從天祥路80號大同公司後門;25.064202474926;121.520539960601;49;0;100000000;0.03
臺北市內湖區成功路2段115巷47弄18號1F(貨);25.064926168446;121.593019450825;40;0;100000000;0.03
基隆市七堵區明德二路7號1樓;25.082091677506;121.70340266158;10;0;100000000;0.03
基隆市中山區中和路176號;25.14980048181;121.717981473411;47;0;100000000;0.03
臺北市大同區保安街1-15號1樓;25.059377222815;121.514345566516;49;0;100000000;0.03
新北市板橋區館前東路26號3樓;25.00719279284;121.460474571893;50;0;100000000;0.03
新北市三峽區光明路69巷20號;24.928946930416;121.37630660151;34;0;100000000;0.03
基隆市信義區深溪路的屈臣氏轉角第七攤;25.129285005069;121.780765293719;32;0;100000000;0.03
桃園市桃園區經國路876號;25.032291898985;121.300540315593;24;0;100000000;0.03
新北市三重區中興北街135巷12號;25.051079473948;121.470281985342;10;0;100000000;0.03
新北市板橋區溪北路1之1號;24.99058476416;121.426593326696;32;0;100000000;0.03
新北市三重區正義南路139號;25.057973002576;121.498820689273;40;0;100000000;0.03
新北市新店區新店路27號;24.952753463272;121.540037943767;11;0;100000000;0.03
新北市淡水區沙崙路220號;25.184397667267;121.425267728709;42;0;100000000;0.03
新北市三重區仁愛街664號;25.080543581899;121.482338514869;30;0;100000000;0.03
臺北市萬華區中華路2段364巷24弄18號;25.029138920377;121.503712032691;24;0;100000000;0.03
臺北市中正區汀州路二段211號;25.023672159307;121.522367802226;48;0;100000000;0.03
臺北市信義區松德路47號;25.038917290531;121.576997107629;31;0;100000000;0.03
臺北市大安區和平東路2段49之3號;25.025687336468;121.53821286817;29;0;100000000;0.03
臺北市大同區承德路一段39號;25.051233156142;121.517249393052;40;0;100000000;0.03
新北市汐止區康寧街169巷27號7F之2(亞鑫);25.068771701804;121.622859696682;26;0;100000000;0.03
臺北市大安區場97-98號攤1樓水源市場;25.02634;121.53477;45;0;100000000;0.03
新北市板橋區雙十路2段69巷4號;25.026416520135;121.475371896045;37;0;100000000;0.03
基隆市中山區復興路113號;25.145009553593;121.726368657186;25;0;100000000;0.03
臺北市士林區格致路24號;25.13676339534;121.546379524072;18;0;100000000;0.03
新北市鶯歌區中正三路211號1樓(鶯歌高職對面);24.9391746544;121.335071493562;31;0;100000000;0.03
臺北市大安區金山南路2段230號B1;25.027240426508;121.525882425356;47;0;100000000;0.03
臺北市內湖區內湖路一段285巷68弄9號;25.085527461528;121.566979978963;47;0;100000000;0.03
新北市板橋區文聖街99號;25.029602230075;121.477707178089;10;0;100000000;0.03
新北市淡水區大仁街6巷21號1樓;25.175086294848;121.442915490569;40;0;100000000;0.03
新北市淡水區沙崙路116號(店);25.182687759019;121.423037807189;16;0;100000000;0.03
新北市新店區寶橋路202-2號;24.978456066446;121.550855125091;33;0;100000000;0.03
新北市淡水區學府路136巷28號;25.172682700293;121.451616744255;45;0;100000000;0.03
臺北市文山區興隆路1段228號1F;25.000229431168;121.556146830809;45;0;100000000;0.03
新北市板橋區篤行路二段148號(厚野雞排旁);24.988197723864;121.429596814061;16;0;100000000;0.03
臺北市文山區木柵路一段147號1樓;24.987567153288;121.550465534232;14;0;100000000;0.03
臺北市中正區夏門街96號2樓-2;25.03247;121.51856;34;0;100000000;0.03
桃園市龜山區萬壽路一段132號1樓;25.00221348113;121.366116511549;20;0;100000000;0.03
新北市三重區光明路52號;25.058113986188;121.491526170397;25;0;100000000;0.03
臺北市中山區八德路二段312巷5號;25.046909225661;121.542828614611;43;0;100000000;0.03
臺北市南港區研究院路二段70巷12號(中研區民活動中心市場內43號);25.045583166669;121.614526660002;50;0;100000000;0.03
臺北市南港區南港路二段115號;25.05425286249;121.59674495533;14;0;100000000;0.03
臺北市萬華區峨嵋街28號5樓;25.03535;121.49948;48;0;100000000;0.03
臺北市中正區信陽街5號B1;25.044714686266;121.516775230704;43;0;100000000;0.03
基隆市安樂區安樂路一段202號2樓;25.128006821092;121.732695904436;15;0;100000000;0.03
新北市淡水區學府路136巷1號;25.172955908427;121.450920291921;30;0;100000000;0.03
臺北市中正區南陽街13號6樓;25.045028913321;121.516140299624;45;0;100000000;0.03
臺北市中正區南陽街7號2樓;25.043525533556;121.515999529337;37;0;100000000;0.03
新北市新莊區八德街15巷13號;25.022236255474;121.425644495257;41;0;100000000;0.03
臺北市士林區德行西路62巷4號1樓;25.104896195747;121.522863759437;26;0;100000000;0.03
臺北市大安區新生南路二段28號;25.031909851838;121.533061769573;16;0;100000000;0.03
新北市永和區中正路356號;25.000722634141;121.517660190127;12;0;100000000;0.03
新北市淡水區北新路184巷122號B1;25.177121634051;121.450695303646;41;0;100000000;0.03
新北市新莊區建中街32巷10號(客人貨需1小件1小件放冰箱,擺放規矩如不清楚請問客人);25.038070802129;121.448797910218;49;0;100000000;0.03
新北市中和區景安路6號;24.994941467883;121.505408865169;18;0;100000000;0.03
新北市泰山區明志路三段158號3樓(送貨送148號3樓);25.039544717893;121.424564403214;43;0;100000000;0.03
新北市土城區中華路2段174號;24.971979998505;121.43740966983;16;0;100000000;0.03
新北市中和區仁愛街1號;24.989492769814;121.510496848035;35;0;100000000;0.03
臺北市中正區汀州路一段264號;25.026974293882;121.511099171597;10;0;100000000;0.03
新北市泰山區福興二街32號1樓;25.057685503297;121.432838598933;17;0;100000000;0.03
桃園市桃園區寶慶路92號;25.011325154924;121.294135284281;23;0;100000000;0.03
新北市鶯歌區中正一路246號1樓;24.956992485075;121.35443000186;45;0;100000000;0.03
臺北市文山區和興路23號;24.985437311691;121.546443561812;23;0;100000000;0.03
新北市新莊區雙鳳路25號1樓;25.027036319965;121.416578628782;27;0;100000000;0.03
臺北市士林區愛富一街1號(陽明山上)從愛富二街入;25.138932673791;121.546093198259;21;0;100000000;0.03
新北市永和區永和路一段212號2樓;25.004738001238;121.513656335918;37;0;100000000;0.03
臺北市大安區安居街34巷口;25.020771032251;121.554610080021;24;0;100000000;0.03
基隆市中正區祥豐街853號1樓;25.150941934639;121.772026070894;27;0;100000000;0.03
臺北市文山區景興路153巷98號1樓(153巷45號或53號旁);24.993954373055;121.546369717245;44;0;100000000;0.03
臺北市大安區延吉街70巷5弄6號;25.042328892761;121.55367219893;15;0;100000000;0.03
新北市新店區中正路183巷4號;24.971773342682;121.540276073637;47;0;100000000;0.03
臺北市北投區中央北路1段127號1樓;25.135087014705;121.499103327049;41;0;100000000;0.03
臺北市內湖區康寧路3段165巷14弄10號1樓;25.070800625286;121.612110073498;22;0;100000000;0.03
臺北市中正區林森南路61巷12之2號;25.039713110328;121.522473581844;18;0;100000000;0.03
新北市汐止區中興路224號;25.066519274873;121.630801717579;48;0;100000000;0.03
臺北市信義區吳興街62號1樓;25.030839608531;121.560409572702;17;0;100000000;0.03
臺北市大安區溫州街79號;25.019978086939;121.532950206442;14;0;100000000;0.03
新北市新莊區中正路664號1樓;25.02852658044;121.421092367461;26;0;100000000;0.03
新北市淡水區新市五路三段282號;25.197852675429;121.437556436955;29;0;100000000;0.03
臺北市中山區朱崙街43號1樓;25.049987479602;121.541100601452;39;0;100000000;0.03
新北市板橋區文化路一段167號;25.016108748976;121.462837765674;14;0;100000000;0.03
新北市新店區北新路2段82號;24.972880005358;121.543010334271;28;0;100000000;0.03
臺北市信義區基隆路二段195號1樓(有改地址);25.024769266613;121.553129973613;41;0;100000000;0.03
新北市新店區三民路117巷5弄9號2樓;24.971073244219;121.534576211839;16;0;100000000;0.03
新北市新店區中正路146-1號1樓;24.971622384606;121.541727651629;18;0;100000000;0.03
臺北市文山區辛亥路5段25巷4號1樓;24.999763576779;121.554451632106;13;0;100000000;0.03
新北市土城區清水路117號;24.981687373939;121.457442921334;33;0;100000000;0.03
新北市三重區五華街71巷115號1樓(入口往後走左邊小房間);25.084345822727;121.495084455933;28;0;100000000;0.03
臺北市士林區光華路26巷1之1號;25.137423595943;121.542188572484;26;0;100000000;0.03
臺北市信義區永吉路30巷157弄13號;25.04235751696;121.569280224652;24;0;100000000;0.03
新北市新店區寶興路61巷11號B1(林園社區);24.972148775152;121.550956186916;14;0;100000000;0.03
臺北市文山區萬隆街76號;25.001413093415;121.536739329592;47;0;100000000;0.03
臺北市大同區延平北路4段102巷71號2樓;25.071637348771;121.509418683829;38;0;100000000;0.03
新北市新莊區民安西路88巷5弄12號5F(守衛室);25.019588873265;121.426008102217;49;0;100000000;0.03
臺北市信義區松?路50號1樓;25.03293;121.56705;36;0;100000000;0.03
新北市淡水區北新路184巷138號;25.177084875841;121.45070303299;10;0;100000000;0.03
臺北市內湖區文湖街61號;25.086717021226;121.562905787287;17;0;100000000;0.03
新北市永和區秀安街19號4樓;25.003715015484;121.516227471417;11;0;100000000;0.03
新北市板橋區大觀路3段236號6F(近樹林(沙崙街);24.992177032396;121.42953545853;22;0;100000000;0.03
臺北市文山區汀洲路4段134號;25.005330040588;121.535901809826;38;0;100000000;0.03
新北市新店區民族路227號;24.975739114441;121.536639752582;31;0;100000000;0.03
臺北市信義區松仁路240巷20之1號;25.024734104529;121.569310064227;28;0;100000000;0.03
基隆市信義區深溪路52號;25.132314029677;121.78224963219;39;0;100000000;0.03
新北市新店區中央路26號(停車場內);24.97823407174;121.533153886689;30;0;100000000;0.03
新北市新店區寶中路94號;24.979973693835;121.549105570442;13;0;100000000;0.03
